1024
0 10
10 10
20 9
29 6
35 3
38 6
44 9
53 5
58 3
61 5
66 5
71 3
74 5
79 7
86 5
91 7
98 5
103 6
109 4
113 8
121 8
129 4
133 7
140 4
144 10
154 7
161 3
164 7
171 8
179 6
185 6
191 4
195 8
203 8
211 9
220 8
228 5
233 6
239 5
244 5
249 4
253 5
258 6
264 4
268 7
275 5
280 3
283 6
289 6
295 6
301 3
304 6
310 7
317 7
324 4
328 6
334 7
341 8
349 5
354 4
358 9
367 6
373 6
379 7
386 5
391 5
396 6
402 4
406 9
415 3
418 5
423 5
428 5
433 5
438 5
443 5
448 9
457 4
461 9
470 5
475 3
478 6
484 6
490 6
496 8
504 9
513 7
520 5
525 6
531 7
538 8
546 6
552 8
560 4
564 8
572 7
579 5
584 4
588 5
593 8
601 6
607 3
610 7
617 7
624 8
632 8
640 3
643 5
648 5
653 8
661 5
666 8
674 4
678 5
683 4
687 4
691 6
697 8
705 7
712 5
717 5
722 6
728 4
732 7
739 2
741 4
745 6
751 3
754 3
757 4
761 5
766 9
775 5
780 5
785 5
790 6
796 9
805 6
811 10
821 5
826 5
831 12
843 6
849 6
855 4
859 9
868 3
871 6
877 4
881 5
886 6
892 6
898 6
904 5
909 9
918 3
921 7
928 5
933 5
938 10
948 6
954 5
959 2
961 4
965 8
973 5
978 4
982 6
988 11
999 4
1003 5
1008 4
1012 8
1020 5
1025 4
1029 7
1036 8
1044 6
1050 7
1057 9
1066 3
1069 4
1073 7
1080 8
1088 8
1096 9
1105 6
1111 4
1115 7
1122 5
1127 11
1138 4
1142 7
1149 6
1155 8
1163 5
1168 6
1174 4
1178 8
1186 3
1189 10
1199 3
1202 4
1206 6
1212 3
1215 5
1220 8
1228 8
1236 6
1242 6
1248 5
1253 6
1259 4
1263 4
1267 7
1274 4
1278 6
1284 4
1288 5
1293 8
1301 5
1306 4
1310 7
1317 5
1322 7
1329 8
1337 6
1343 4
1347 7
1354 7
1361 4
1365 6
1371 6
1377 10
1387 9
1396 7
1403 8
1411 4
1415 8
1423 5
1428 5
1433 4
1437 6
1443 4
1447 8
1455 7
1462 8
1470 4
1474 6
1480 5
1485 8
1493 7
1500 9
1509 8
1517 10
1527 4
1531 7
1538 7
1545 9
1554 6
1560 7
1567 5
1572 8
1580 4
1584 3
1587 6
1593 6
1599 9
1608 6
1614 6
1620 2
1622 7
1629 4
1633 9
1642 6
1648 6
1654 4
1658 5
1663 6
1669 7
1676 5
1681 6
1687 8
1695 4
1699 4
1703 7
1710 5
1715 4
1719 6
1725 7
1732 6
1738 5
1743 8
1751 6
1757 4
1761 7
1768 11
1779 6
1785 8
1793 4
1797 5
1802 7
1809 7
1816 5
1821 5
1826 8
1834 6
1840 3
1843 5
1848 5
1853 6
1859 4
1863 4
1867 4
1871 4
1875 4
1879 7
1886 8
1894 5
1899 8
1907 7
1914 7
1921 7
1928 5
1933 4
1937 6
1943 6
1949 6
1955 6
1961 7
1968 5
1973 4
1977 4
1981 5
1986 6
1992 6
1998 3
2001 6
2007 6
2013 6
2019 4
2023 5
2028 6
2034 6
2040 5
2045 4
2049 9
2058 9
2067 5
2072 6
2078 6
2084 6
2090 3
2093 4
2097 5
2102 4
2106 7
2113 8
2121 7
2128 5
2133 8
2141 5
2146 6
2152 5
2157 5
2162 4
2166 6
2172 6
2178 5
2183 5
2188 8
2196 8
2204 5
2209 3
2212 7
2219 8
2227 7
2234 6
2240 3
2243 4
2247 5
2252 5
2257 6
2263 5
2268 6
2274 3
2277 10
2287 10
2297 6
2303 9
2312 5
2317 3
2320 5
2325 4
2329 4
2333 6
2339 6
2345 7
2352 4
2356 4
2360 3
2363 7
2370 3
2373 9
2382 4
2386 9
2395 6
2401 3
2404 3
2407 6
2413 4
2417 8
2425 8
2433 5
2438 2
2440 5
2445 12
2457 8
2465 5
2470 7
2477 6
2483 6
2489 6
2495 4
2499 6
2505 4
2509 7
2516 6
2522 9
2531 7
2538 4
2542 2
2544 4
2548 7
2555 7
2562 8
2570 6
2576 5
2581 9
2590 2
2592 5
2597 7
2604 5
2609 4
2613 4
2617 6
2623 5
2628 5
2633 4
2637 6
2643 3
2646 5
2651 5
2656 8
2664 4
2668 4
2672 4
2676 7
2683 6
2689 8
2697 5
2702 6
2708 5
2713 4
2717 5
2722 7
2729 6
2735 4
2739 5
2744 5
2749 6
2755 7
2762 4
2766 7
2773 8
2781 8
2789 7
2796 4
2800 5
2805 4
2809 7
2816 5
2821 5
2826 4
2830 11
2841 7
2848 9
2857 6
2863 3
2866 12
2878 2
2880 8
2888 4
2892 8
2900 7
2907 6
2913 6
2919 9
2928 5
2933 4
2937 5
2942 10
2952 9
2961 7
2968 6
2974 5
2979 6
2985 4
2989 3
2992 6
2998 4
3002 12
3014 6
3020 5
3025 6
3031 5
3036 8
3044 4
3048 5
3053 6
3059 6
3065 6
3071 6
3077 7
3084 6
3090 4
3094 8
3102 3
3105 5
3110 5
3115 2
3117 4
3121 3
3124 6
3130 5
3135 6
3141 8
3149 7
3156 6
3162 4
3166 4
3170 6
3176 6
3182 8
3190 11
3201 9
3210 4
3214 4
3218 5
3223 7
3230 8
3238 8
3246 6
3252 7
3259 7
3266 6
3272 6
3278 6
3284 4
3288 7
3295 6
3301 7
3308 11
3319 5
3324 7
3331 5
3336 8
3344 6
3350 5
3355 3
3358 5
3363 4
3367 9
3376 4
3380 6
3386 7
3393 5
3398 6
3404 6
3410 7
3417 7
3424 3
3427 10
3437 6
3443 5
3448 6
3454 4
3458 4
3462 6
3468 5
3473 4
3477 7
3484 5
3489 8
3497 8
3505 5
3510 7
3517 7
3524 5
3529 5
3534 4
3538 6
3544 6
3550 6
3556 5
3561 4
3565 7
3572 6
3578 7
3585 3
3588 8
3596 5
3601 5
3606 7
3613 8
3621 6
3627 4
3631 3
3634 5
3639 6
3645 6
3651 8
3659 8
3667 9
3676 6
3682 7
3689 8
3697 5
3702 7
3709 4
3713 4
3717 6
3723 5
3728 3
3731 4
3735 7
3742 7
3749 5
3754 8
3762 5
3767 6
3773 9
3782 3
3785 8
3793 4
3797 8
3805 8
3813 7
3820 8
3828 12
3840 7
3847 4
3851 8
3859 6
3865 5
3870 5
3875 4
3879 6
3885 8
3893 9
3902 6
3908 6
3914 3
3917 4
3921 8
3929 4
3933 5
3938 5
3943 7
3950 3
3953 10
3963 10
3973 6
3979 2
3981 6
3987 5
3992 5
3997 7
4004 7
4011 5
4016 10
4026 6
4032 13
4045 6
4051 5
4056 5
4061 7
4068 9
4077 3
4080 4
4084 3
4087 6
4093 3
4096 10
4106 7
4113 9
4122 4
4126 5
4131 9
4140 5
4145 3
4148 7
4155 6
4161 3
4164 8
4172 7
4179 8
4187 4
4191 6
4197 11
4208 7
4215 4
4219 7
4226 9
4235 6
4241 6
4247 6
4253 5
4258 6
4264 7
4271 8
4279 7
4286 7
4293 3
4296 9
4305 5
4310 4
4314 5
4319 4
4323 7
4330 5
4335 7
4342 9
4351 4
4355 3
4358 5
4363 11
4374 7
4381 7
4388 6
4394 7
4401 6
4407 5
4412 5
4417 2
4419 6
4425 7
4432 7
4439 11
4450 5
4455 5
4460 3
4463 8
4471 6
4477 7
4484 8
4492 4
4496 8
4504 7
4511 11
4522 6
4528 4
4532 7
4539 4
4543 6
4549 6
4555 7
4562 4
4566 13
4579 7
4586 8
4594 6
4600 7
4607 10
4617 7
4624 8
4632 5
4637 4
4641 4
4645 5
4650 3
4653 5
4658 10
4668 6
4674 8
4682 3
4685 7
4692 8
4700 5
4705 6
4711 5
4716 5
4721 7
4728 10
4738 5
4743 5
4748 5
4753 6
4759 4
4763 5
4768 7
4775 6
4781 4
4785 4
4789 5
4794 4
4798 7
4805 6
4811 10
4821 8
4829 6
4835 6
4841 4
4845 9
4854 4
4858 5
4863 3
4866 5
4871 8
4879 6
4885 6
4891 5
4896 9
4905 6
4911 10
4921 6
4927 7
4934 6
4940 8
4948 5
4953 7
4960 12
4972 4
4976 4
4980 4
4984 5
4989 5
4994 6
5000 4
5004 7
5011 6
5017 6
5023 8
5031 8
5039 7
5046 5
5051 9
5060 6
5066 9
5075 10
5085 5
5090 5
5095 8
5103 6
5109 8
5117 5
5122 6
5128 6
5134 6
5140 7
5147 5
5152 9
5161 4
5165 6
5171 9
5180 8
5188 4
5192 5
5197 11
5208 8
5216 8
5224 9
5233 7
5240 9
5249 6
5255 3
5258 7
5265 6
5271 8
5279 3
5282 10
5292 7
5299 7
5306 10
5316 9
5325 6
5331 4
5335 5
5340 5
5345 11
5356 8
5364 6
5370 11
5381 7
5388 6
5394 4
5398 6
5404 8
5412 4
5416 6
5422 7
5429 3
5432 3
5435 6
5441 4
5445 5
5450 5
5455 5
5460 6
5466 6
5472 3
5475 8
5483 7
5490 7
5497 6
5503 7
5510 8
5518 8
5526 6
5532 6
5538 7
5545 6
5551 8
5559 6
5565 7
5572 6
5578 5
5583 8
5591 11
5602 4
5606 7
5613 4
5617 10
5627 5
5632 5
5637 6
5643 4
5647 9
5656 6
5662 4
5666 2
5668 5
5673 8
5681 5
5686 7
5693 10
5703 3
5706 5
5711 4
5715 7
5722 2
5724 5
5729 5
5734 8
5742 5
5747 6
5753 4
5757 5
5762 4
5766 6
5772 6
5778 5
5783 9
5792 3
5795 9
5804 7
5811 6
5817 7
5824 8
5832 9
5841 7
5848 4
5852 7
5859 3
5862 7
5869 4
5873 6
5879 5
5884 4
5888 7
5895 12
5907 11
5918 5
5923 9
5932 6
5938 5
5943 4
5947 6
5953 3
5956 3
5959 5
5964 8
5972 7
5979 5
5984 4
5988 3
5991 6
5997 5
6002 6
6008 7
6015 8
6023 7
6030 5
6035 8
6043 8
6051 5
6056 6
6062 7
6069 7
6076 5
6081 10
6091 2
6093 8
6101 8
6109 7
6116 4
6120 3
6123 4
6127 6
6133 7
6140 7
6147 7
6154 10
6164 8

796

6172
0 7
0 7
179 10
818 8
48 6
88 8
375 10
452 1
675 2
1001 2
194 8
478 8
471 6
2 5
55 1
326 8
518 2
579 5
718 9
951 10
1 5
1019 1
360 9
154 2
184 6
484 3
740 3
759 4
808 10
310 5
60 1
396 7
302 10
638 9
888 5
235 1
652 10
528 3
787 3
44 3
893 7
693 1
606 6
828 6
572 8
98 8
444 9
321 9
527 8
536 9
609 9
611 7
687 6
535 7
815 10
53 7
177 1
749 1
891 5
638 9
120 9
766 4
1001 4
321 7
729 8
753 9
853 3
222 5
625 2
99 9
499 9
256 5
694 1
90 8
945 5
732 10
49 8
771 7
572 8
340 10
572 3
281 10
287 3
726 10
1010 10
1019 7
339 3
81 10
428 4
51 5
737 8
913 10
589 6
282 3
444 8
458 3
1012 3
1022 5
60 9
138 9
720 4
608 6
934 6
909 10
879 3
200 10
442 3
685 1
892 4
582 4
545 9
672 10
336 4
815 5
867 10
883 5
141 1
357 4
658 2
680 8
842 4
917 2
743 7
73 5
649 1
219 9
281 8
414 4
693 8
659 1
375 3
261 4
553 10
136 5
933 6
48 9
82 2
87 4
329 6
349 8
511 7
578 1
540 10
657 4
839 10
858 2
775 6
119 2
300 8
389 10
608 6
679 4
717 3
771 9
964 10
856 10
511 6
756 6
862 1
928 7
977 1
275 10
288 2
798 8
382 1
782 6
169 8
436 8
514 10
648 2
667 9
151 8
551 4
793 9
412 10
119 8
456 9
681 5
1013 2
786 9
1014 5
244 5
385 4
828 8
967 10
207 3
656 2
87 3
575 7
196 5
311 5
768 1
701 7
67 10
343 6
958 5
897 8
171 6
349 7
435 10
471 2
672 9
714 1
987 10
842 1
62 2
806 1
239 7
269 7
281 3
936 10
89 3
159 2
849 3
621 3
48 10
175 10
483 6
580 9
1019 10
511 10
738 7
694 7
924 5
391 10
395 8
455 9
931 2
287 8
526 10
390 7
357 3
525 4
857 4
422 2
643 5
54 3
463 6
811 6
635 8
742 2
698 6
151 4
516 1
691 2
102 3
445 8
507 5
895 4
265 3
356 3
871 5
990 9
748 4
182 8
178 3
400 8
883 6
918 10
421 7
930 4
403 1
69 8
767 8
344 2
484 7
46 3
335 10
5 3
328 8
992 10
185 5
221 5
423 5
497 4
525 3
914 10
57 8
336 10
757 3
43 3
304 5
580 5
349 6
475 7
295 4
710 3
820 5
911 6
22 9
643 1
0 6
438 3
34 10
371 6
12 8
991 10
387 9
489 6
572 5
94 8
918 3
920 7
698 1
14 5
440 8
147 6
94 4
283 6
1001 2
607 2
263 6
157 8
983 3
130 7
376 2
489 1
898 9
621 6
7 7
72 3
87 9
691 7
814 6
252 4
266 1
37 3
938 1
1 1
196 10
131 10
435 9
470 6
787 5
317 10
680 9
331 9
370 7
403 10
542 1
767 4
45 8
882 6
394 3
980 2
611 8
339 8
484 4
598 6
608 10
266 5
333 10
552 9
908 10
915 2
243 4
468 1
631 2
3 1
16 9
269 2
192 6
154 2
161 4
190 9
325 7
741 6
413 2
683 3
547 10
741 2
839 4
892 6
33 2
714 5
763 2
768 9
252 5
864 9
296 6
248 4
885 8
594 7
262 1
375 9
645 1
405 9
826 5
340 5
499 4
926 5
296 1
538 1
140 1
175 3
981 2
921 2
687 10
333 6
675 4
549 9
849 1
623 5
670 10
31 10
648 1
825 4
498 3
374 6
795 1
121 8
535 8
630 9
661 6
747 10
42 8
486 5
1004 7
1023 2
830 5
992 5
576 9
801 4
262 4
739 6
109 2
517 10
818 3
53 3
81 4
316 10
730 10
240 9
20 5
593 2
254 5
952 6
435 9
397 10
484 1
549 7
586 2
735 3
793 6
411 10
302 2
388 4
873 1
541 4
611 1
474 6
215 2
411 6
519 10
687 7
702 5
872 3
659 8
556 2
927 7
543 8
259 6
1010 3
511 10
497 4
105 10
218 3
236 7
812 1
924 3
233 5
174 3
540 5
747 2
917 1
637 6
945 5
547 5
14 10
72 4
258 9
320 2
954 5
649 8
22 2
108 7
85 5
485 8
667 3
887 2
664 9
375 8
491 10
457 4
556 7
954 9
503 7
869 3
342 10
202 2
318 7
887 3
942 10
970 7
82 5
103 2
676 10
709 6
736 4
220 4
253 8
806 5
928 2
419 1
760 4
623 5
1014 5
367 4
589 7
853 3
30 3
90 3
53 9
559 3
22 4
360 7
0 8
953 6
683 2
711 4
847 9
34 3
262 6
840 1
343 5
197 8
210 8
502 9
87 3
693 10
791 7
11 8
463 10
320 4
419 6
624 10
317 10
310 9
276 5
394 9
631 9
838 7
877 1
867 10
493 10
178 3
241 3
326 6
441 8
571 5
766 9
535 10
319 6
668 3
727 5
51 4
49 8
378 5
405 10
515 7
670 6
802 2
610 5
964 10
475 2
1018 1
519 7
961 6
997 9
533 1
337 9
528 1
596 6
674 8
502 7
564 9
561 7
696 7
6 8
489 2
880 10
382 6
995 8
10 9
556 9
545 3
680 1
304 3
337 1
530 7
558 1
462 5
555 3
127 3
378 6
655 5
985 6
577 4
638 9
644 4
39 3
748 5
937 2
209 4
495 3
522 3
760 4
85 2
544 10
324 9
366 3
496 7
679 2
929 10
345 4
474 1
413 9
147 7
191 10
496 2
627 4
634 6
467 8
78 10
257 5
353 1
730 4
818 6
910 4
980 8
931 5
881 8
127 10
618 7
533 1
618 6
441 3
553 2
82 7
698 2
514 7
225 6
897 3
71 2
403 5
268 4
129 7
242 7
269 2
331 8
957 5
131 5
1012 9
916 5
471 5
275 7
304 6
904 2
486 3
386 7
137 2
206 5
216 6
623 10
813 8
543 7
238 5
613 2
626 4
587 6
360 10
653 7
775 9
357 5
478 6
758 6
974 9
502 6
835 2
781 2
239 8
737 8
981 2
641 10
246 4
252 5
639 8
232 5
371 5
749 1
348 2
503 8
705 3
826 5
1010 10
795 1
754 7
841 8
134 2
155 8
659 9
674 5
28 8
24 2
705 9
779 1
979 7
8 9
175 4
228 10
279 7
386 2
217 1
631 5
68 8
690 6
796 1
989 4
932 8
446 1
888 3
898 6
501 4
793 8
350 7
341 8
372 5
677 2
856 4
322 6
479 1
458 10
632 7
588 4
1005 1
167 2
131 2
718 2
740 8
249 5
395 8
106 10
922 6
100 3
487 1
451 2
349 10
991 9
347 7
109 7
277 5
52 7
916 9
189 2
194 8
900 7
110 5
126 2
55 10
805 6
899 7
833 9
205 5
327 5
726 6
381 2
811 1
317 5
510 8
960 6
917 8
334 5
254 4
163 7
945 8
731 8
286 2
118 2
906 5
965 6
724 9
458 5
759 6
484 9
420 9
892 1
22 5
266 5
252 2
572 6
250 4
246 8
270 3
465 3
682 6
111 2
438 10
601 8
524 9
732 4
757 10
16 9
799 1
325 5
685 8
160 9
370 7
489 7
561 1
758 1
852 6
256 5
511 9
467 10
555 5
991 6
65 1
506 2
868 1
546 5
570 7
19 1
953 2
880 5
484 8
698 3
145 10
252 8
339 2
466 7
537 3
855 3
942 5
233 6
668 7
396 9
694 7
903 7
963 2
1021 5
402 10
1022 2
433 9
658 5
820 4
484 9
645 6
467 10
572 8
815 6
526 7
141 10
379 2
481 7
586 3
642 9
745 5
990 8
480 6
649 1
983 6
51 6
186 4
848 6
104 7
155 5
511 9
234 2
148 6
148 6
810 6
231 1
992 8
346 5
488 5
707 3
478 9
398 5
225 9
311 8
735 7
913 6
28 8
38 4
980 1
694 3
362 2
908 6
982 2
467 3
264 4
441 4
680 2
882 4
870 7
947 1
425 1
336 2
577 1
2 2
60 2
264 2
660 10
907 2
202 10
341 3
658 1
666 2
147 5
409 6
118 8
747 2
573 2
315 2
323 1
371 9
833 9
1015 1
52 8
865 5
194 7
476 1
1006 3
968 8
745 6
452 5
991 6
319 8
34 2
487 5
497 4
598 2
300 5
406 1
453 10
520 4
614 8
689 5
138 9
558 6
965 3
855 4
857 10
918 9
992 4
60 4
891 6
846 1
913 7
822 9
210 10
133 7
818 7
777 7
822 9
682 2
405 1
597 9
318 10
660 10
739 6
794 1
925 3
199 7
487 7
943 4
223 9
279 5
1008 2
951 10
321 9
813 2
126 2
462 6
265 2
519 7
216 5
350 10
298 2
582 2
610 9
301 5
324 2
440 8
504 9
553 2
579 2
737 5
935 9
27 8
999 4
831 2
253 7
244 1
893 10
983 9
388 1
980 5
788 6
32 6
201 8
927 5
890 9
884 6
781 8
230 5
245 5
296 3
603 3
830 4
822 2
843 4
442 9
705 1
751 9
79 3
836 8
778 5
182 6
120 4
34 10
65 3
275 9
481 7
550 2
774 9
366 7
492 9
429 3
523 10
321 1
514 9
544 8
742 4
557 10
762 7
428 5
7 1
536 9
886 6
41 3
235 7
92 3
521 5
211 7
744 5
884 7
0 10
941 10
454 6
966 9
603 7
253 3
570 2
657 10
942 9
389 9
1000 10
461 6
588 7
873 3
594 9
303 5
41 8
174 6
871 2
860 2
582 7
769 9
829 8
877 10
357 2
219 2
704 10
257 1
408 1
723 10
913 9
285 1
2 6
716 8
589 4
279 6
825 8
833 2
845 1
44 5
358 4
912 8
493 6
538 10
614 9
633 2
687 3
911 7
147 4
768 7
237 7
926 8
231 7
208 2
585 3
453 5
721 6
1020 6
211 8
676 1
848 3
436 2
324 8
725 10
930 8
837 9
819 4
130 2
317 7
662 2
905 3
598 6
60 9
783 4
263 4
280 9
339 1
443 7
899 1
968 6
993 1
682 2
104 10
882 9
994 6
60 6
921 5
497 3
506 2
890 5
960 1
979 4
961 2
506 8
293 3
567 10
708 7
886 2
1 8
157 7
251 2
246 7
130 8
828 1
838 10
914 5
361 3
285 3
485 4
540 2
706 7
55 10
509 7
30 5
321 4
415 5
1023 8
89 8
804 5
647 4
1015 9
422 10
251 5
732 8
231 10
275 7
278 3
478 9
617 2
165 7
719 6
1000 7
17 10
335 10
670 9
579 4
267 3
434 5
758 4
969 2
997 4
1016 6
171 8
265 8
298 4
835 10
154 10
84 2
987 3
521 3
848 7
808 8
262 7
448 5
847 2
659 3
685 10
748 10
131 5
342 5
260 6
1004 6
832 9
826 4
111 5
974 4
629 2
310 2
347 10
584 8
793 2
30 3
326 5
227 3
960 4
476 1
710 4
770 5
862 4
480 10
186 2
376 3
244 6
397 9
453 10
637 3
102 4
356 5
444 6
562 6
1008 1
162 10
568 7
89 8
377 9
999 4
178 7
188 8
566 7
487 5
625 5
960 8
686 9
292 6
506 5
534 6
553 2
296 2
944 2
450 1
592 8
516 3
544 3
259 6
260 1
551 10
746 10
861 8
831 4
76 2
924 7
752 6
220 6
167 5
111 6
226 3
570 5
121 1
768 9
807 2
542 7
78 3
1001 7
894 1
290 6
774 5
183 2
20 9
396 7
704 6
464 10
611 4
809 6
933 6
216 6
972 7
231 4
85 4
245 3
273 5
44 5
591 8
850 8
10 5
1010 9
646 10
308 6
223 1
531 2
881 1
328 3
165 9
505 3
222 1
426 7
328 7
765 8
225 4
747 6
242 10
327 7
504 5
150 9
224 4
108 6
964 10
294 5
257 7
646 6
704 7
630 5
216 3
900 9
706 10
866 5
885 8
207 3
274 10
267 2
389 10
120 10
949 10
610 6
242 1
889 7
591 9
932 10
305 1
892 8
396 6
662 10
707 2
760 3
929 5
627 9
480 10
172 5
381 1
149 1
186 7
220 4
786 1
198 10
975 3
117 5
469 4
969 5
258 7
337 2
803 1
79 5
142 6
594 4
883 2
317 8
341 8
550 1
619 7
919 5
996 1
148 2
545 8
892 10
826 4
930 1
678 9
722 3
764 1
826 10
4 1
178 7
894 5
1002 4
475 2
585 6
1008 6
263 6
292 8
357 2
78 7
352 1
712 9
781 6
979 1
186 7
752 10
594 7
1000 1
112 5
649 4
778 8
273 8
403 10
844 7
885 9
1006 8
445 7
33 7
115 8
329 3
923 2
72 9
374 8
318 6
381 10
851 4
92 3
280 6
429 10
549 8
228 1
109 7
624 6
224 10
549 7
972 8
59 4
646 1
372 1
566 7
170 1
682 7
493 9
208 6
29 5
747 10
779 6
973 3
172 5
628 1
220 3
260 4
385 5
801 10
814 4
194 7
594 10
820 3
116 4
136 8
587 10
717 8
871 8
255 3
511 10
537 3
966 3
63 4
372 1
846 9
593 1
269 8
663 8
563 8
126 5
574 8
308 3
644 10
136 4
615 8
595 3
996 4
401 8
702 10
818 4
992 10
194 2
198 5
493 9
774 4
580 1
680 3
1020 8
54 4
136 2
116 5
885 1
62 5
141 8
350 3
513 3
965 1
179 3
813 7
169 7
85 8
259 1
412 6
597 1
768 5
73 5
133 4
715 7
974 1
503 6
772 7
776 10
863 6
920 1
994 1
247 3
983 4
592 1
790 7
11 5
139 5
614 4
292 1
500 10
782 6
898 10
225 7
183 1
105 5
698 5
861 5
526 1
628 1
81 9
232 7
887 4
427 7
640 7
641 6
731 2
771 6
922 5
78 6
214 6
705 8
253 1
628 1
927 3
205 6
245 4
214 1
451 10
562 1
461 8
575 8
21 4
712 8
305 6
714 1
848 10
71 4
89 6
203 7
792 4
306 1
63 1
744 5
953 10
52 6
236 6
190 4
870 7
154 2
152 4
758 6
40 3
167 2
201 8
978 10
459 10
641 4
54 1
58 5
136 5
839 9
770 6
709 3
227 2
489 3
200 3
870 4
289 3
623 9
719 10
938 7
964 5
109 4
757 7
706 5
305 9
322 9
649 5
60 2
248 8
109 2
495 2
33 7
921 9
136 3
371 2
839 5
511 4
539 9
391 8
364 6
438 2
573 7
937 10
730 1
693 10
951 3
221 5
238 8
545 4
335 2
809 10
491 1
282 5
619 8
637 9
227 10
416 5
518 7
333 4
713 5
809 9
26 10
198 7
290 10
175 9
110 7
946 9
559 4
91 5
487 9
624 3
585 7
554 9
375 2
129 5
896 1
198 3
560 6
617 7
672 8
393 9
784 3
165 5
661 10
184 6
120 7
541 1
731 1
921 1
241 6
190 9
346 9
659 7
585 1
13 10
33 3
20 8
556 4
312 1
394 5
722 7
15 3
411 9
273 5
543 7
754 5
804 10
851 7
736 4
952 10
51 6
669 3
453 3
869 2
419 6
550 5
184 1
195 3
713 9
301 2
831 5
743 8
763 6
134 2
411 8
305 4
456 1
605 2
36 8
486 7
13 3
852 6
26 2
770 7
656 1
476 8
860 4
997 6
267 3
624 6
718 5
676 7
868 2
791 2
924 3
275 10
403 6
218 6
681 4
884 2
299 5
322 9
853 4
434 10
363 5
494 8
212 6
236 8
256 1
695 6
636 1
358 7
648 5
524 5
193 3
724 1
863 9
319 8
664 8
999 9
225 5
453 8
428 4
775 4
47 4
300 9
896 5
304 2
709 9
875 8
883 6
63 6
65 1
213 2
351 10
296 4
296 4
491 3
172 3
428 3
438 2
771 2
503 10
646 10
709 4
578 4
727 9
936 10
168 2
201 4
320 4
753 5
330 3
548 2
816 8
847 4
290 5
658 8
367 4
697 5
295 9
878 7
24 8
159 5
809 2
168 5
285 2
841 8
884 10
354 2
416 9
552 2
75 2
806 2
620 5
844 2
3 10
428 4
629 1
181 5
658 10
984 8
348 7
413 7
46 5
111 6
295 2
99 3
695 10
229 1
261 6
268 9
286 4
827 5
464 2
477 9
360 8
262 1
843 5
915 4
821 5
575 2
836 9
928 8
576 2
314 1
222 6
249 3
561 4
917 8
823 1
963 1
864 6
837 1
917 6
1018 1
3 5
91 9
206 2
776 2
858 7
957 1
150 8
30 5
635 5
747 9
281 1
769 5
512 6
554 9
479 8
962 8
409 8
588 4
307 1
860 9
547 4
720 1
156 2
943 8
881 7
906 9
72 10
367 2
674 1
861 2
350 7
590 8
864 1
56 10
91 10
132 5
233 8
1000 9
323 7
189 7
613 8
240 6
975 8
164 10
84 7
649 5
158 8
860 1
293 8
93 6
492 2
537 10
767 8
887 2
81 2
298 4
1000 4
90 4
706 3
1012 10
1013 5
6 9
166 9
196 4
406 4
677 1
176 1
9 7
124 6
291 9
268 9
799 2
615 8
768 8
888 5
317 7
918 3
156 1
509 5
897 5
103 9
168 2
188 8
610 1
138 5
783 2
60 7
941 9
533 1
920 3
207 5
92 6
1 8
718 4
646 8
686 10
876 6
224 7
131 5
835 2
861 10
896 7
44 8
223 3
224 7
768 2
641 8
943 7
239 3
22 6
864 10
596 3
377 4
410 8
841 8
298 3
817 6
455 6
568 3
592 1
56 9
628 7
109 8
980 6
649 1
682 5
452 4
461 1
58 10
66 6
763 1
274 4
352 3
133 5
1022 6
871 3
555 2
668 8
1017 5
200 10
273 2
711 6
43 10
382 1
727 9
45 10
18 4
153 2
96 9
417 3
634 3
99 1
232 2
509 9
1023 4
962 5
871 2
704 1
550 2
735 1
14 3
57 8
942 1
190 1
141 2
694 8
13 10
64 5
473 5
501 10
123 8
233 8
659 10
154 3
557 9
84 10
205 5
955 2
712 8
430 10
392 10
89 5
648 8
649 4
31 6
801 9
583 10
43 2
797 10
742 4
368 9
854 10
104 4
700 1
657 2
610 5
280 9
682 5
149 5
721 7
392 4
761 6
910 9
917 8
929 8
129 7
593 5
878 9
206 10
441 6
350 4
653 1
986 9
1006 3
303 7
117 2
981 3
890 4
783 6
47 6
128 10
32 7
22 8
959 2
935 10
123 7
167 10
316 7
347 4
252 3
645 5
296 10
362 4
723 1
584 4
369 10
926 8
236 1
614 4
333 3
105 1
385 7
536 2
870 10
807 2
417 1
301 2
460 4
372 10
670 1
1019 10
820 4
909 5
40 3
209 5
514 5
626 9
436 2
594 5
915 5
114 5
183 2
236 2
19 4
592 3
911 7
36 3
788 8
185 4
292 7
969 2
874 5
652 3
907 1
961 5
974 6
889 7
577 5
535 2
941 7
2 9
88 7
113 10
516 9
893 1
305 8
861 7
784 4
195 3
993 7
883 10
1004 4
599 2
351 4
151 2
1018 7
523 9
859 2
998 6
990 4
895 6
291 5
526 6
677 5
969 2
1017 4
932 3
271 6
733 3
878 10
380 10
889 8
440 6
176 7
768 7
559 9
675 8
103 3
891 5
299 4
316 2
86 4
623 4
569 2
828 6
969 3
838 10
746 10
344 9
458 1
768 3
758 6
630 2
351 10
912 1
56 7
664 7
942 6
138 7
395 10
584 2
656 5
949 9
117 5
270 2
743 1
156 9
48 6
524 3
693 7
703 6
243 1
248 1
354 10
705 5
123 5
913 1
537 6
819 2
68 6
240 8
994 3
699 5
563 9
552 10
375 8
21 3
83 8
277 2
0 10
63 9
496 8
374 8
818 6
208 3
813 5
52 2
823 2
911 8
529 7
956 5
329 4
210 9
979 4
608 4
383 5
752 6
831 6
94 5
100 6
711 4
145 2
397 9
446 6
365 10
387 8
813 3
866 1
924 6
132 2
230 1
240 10
824 10
734 7
27 1
335 1
98 6
614 10
614 3
858 2
377 5
738 9
659 1
822 4
834 8
409 3
998 8
588 1
633 7
419 1
975 9
353 7
29 4
245 5
111 7
541 4
671 10
984 2
120 2
780 8
844 3
846 10
891 4
963 8
49 9
380 8
984 6
849 9
498 1
502 1
604 5
912 4
980 4
1006 1
75 4
765 2
170 1
461 4
475 9
812 4
180 9
1013 1
493 5
227 10
24 10
482 10
546 1
578 2
709 7
36 7
782 9
919 6
749 6
914 9
271 8
35 10
1018 2
555 8
346 4
342 10
791 6
871 5
495 3
278 9
516 6
605 6
57 3
91 9
281 5
697 5
126 8
35 8
370 10
436 9
456 10
526 9
3 7
142 9
219 7
579 6
779 9
229 6
74 10
452 1
379 9
208 9
412 7
525 3
801 5
150 5
626 8
460 1
524 5
1021 8
699 8
418 10
982 1
41 8
1001 9
666 4
737 3
603 5
250 8
671 7
476 6
544 6
840 1
143 10
489 2
981 5
42 1
109 5
290 6
238 10
774 4
968 7
56 10
959 5
980 1
446 2
1012 10
945 4
1012 5
64 9
164 1
661 2
977 2
94 10
554 6
457 7
542 7
879 8
321 4
437 10
923 5
159 1
554 2
752 10
967 8
424 8
790 5
183 1
892 6
419 3
155 6
384 3
922 7
869 5
313 8
513 10
771 2
329 8
786 7
977 4
75 10
282 9
286 8
571 5
76 6
446 1
809 9
932 7
28 10
486 3
397 7
253 6
922 7
449 4
512 6
693 3
61 2
104 9
303 7
435 10
664 10
20 4
649 3
759 8
831 4
807 8
196 5
462 6
274 5
472 5
927 7
301 9
654 6
528 9
839 5
846 4
914 10
965 9
973 5
1015 7
337 3
354 1
580 3
811 3
665 5
553 1
802 8
985 4
715 4
832 7
399 10
720 1
763 8
86 1
284 6
408 3
809 2
90 6
384 1
737 1
660 6
135 9
886 10
495 6
556 10
748 3
42 7
689 3
606 4
947 5
643 2
856 2
37 2
198 10
1019 2
970 7
663 1
704 4
764 6
44 5
461 1
700 7
407 8
906 3
793 10
980 4
454 4
1009 10
153 1
709 4
759 5
567 6
713 8
651 1
859 9
223 7
445 9
609 1
714 3
258 7
759 3
619 4
492 9
808 9
892 9
14 4
177 5
294 4
695 2
441 1
302 4
296 3
478 6
678 7
176 3
915 8
903 7
241 10
660 9
439 2
974 4
342 10
457 3
884 7
876 7
796 9
975 2
720 1
824 3
937 9
697 10
143 9
775 3
1022 7
480 5
507 4
612 5
639 1
291 10
200 5
868 8
724 9
740 8
746 3
766 6
413 10
73 9
32 10
55 9
502 4
494 1
597 10
800 6
188 2
356 2
395 9
721 6
27 8
792 4
406 10
648 4
523 7
512 4
503 2
48 3
137 10
296 2
678 3
271 2
544 2
857 5
951 2
1014 8
491 6
429 2
51 8
365 6
671 1
757 6
168 8
347 6
428 1
107 3
152 4
754 5
92 8
776 10
17 3
880 6
173 9
464 8
831 8
716 8
865 3
190 7
465 5
6 9
209 6
15 8
709 6
239 7
917 2
426 9
39 8
562 2
907 6
122 1
404 2
379 6
411 1
859 5
713 4
551 2
934 8
962 5
966 3
1003 1
203 5
923 7
895 4
412 4
1016 1
824 4
583 7
820 6
945 5
544 10
213 1
930 6
128 2
260 10
494 7
748 6
788 6
158 5
332 4
397 1
0 1
782 3
187 5
284 3
294 8
208 10
159 10
482 5
674 2
880 2
179 6
424 4
787 8
1011 8
330 6
968 4
35 9
730 1
805 6
28 9
286 1
395 10
83 4
430 3
405 7
670 5
607 5
647 2
758 6
125 10
135 5
671 6
15 3
368 1
787 5
265 10
646 8
894 2
837 4
495 2
593 4
691 10
1012 7
354 4
398 1
786 4
843 2
759 6
180 6
332 1
423 1
388 4
260 8
759 8
100 5
167 6
793 10
415 6
866 5
90 10
977 5
861 6
37 6
305 2
442 8
486 4
219 10
625 6
443 5
664 6
988 8
136 3
465 10
465 10
801 1
141 7
840 7
567 8
745 5
840 9
848 7
105 8
152 3
144 10
139 10
698 5
59 1
890 9
841 1
974 7
232 4
759 10
772 7
718 1
728 9
55 6
782 6
689 5
779 3
795 7
912 8
1 6
110 5
32 2
545 10
601 3
645 4
851 6
416 5
650 9
842 5
854 5
340 5
680 6
504 4
544 10
706 4
582 5
899 4
76 6
104 1
824 1
919 2
708 3
878 7
953 4
1004 4
47 7
95 2
235 2
388 9
784 3
633 3
943 9
951 5
288 8
401 6
207 1
157 1
821 5
850 1
890 4
305 9
906 1
575 4
627 1
1 8
114 6
150 9
198 9
428 6
124 1
313 8
850 4
792 2
146 6
208 10
230 10
433 5
591 6
481 3
855 1
480 3
145 7
175 7
812 6
875 1
453 5
389 10
502 4
906 8
719 5
553 8
34 6
560 2
939 10
43 7
74 1
135 9
141 8
144 9
57 4
2 3
677 3
660 9
787 2
889 8
195 4
594 5
957 9
635 8
82 8
619 5
686 5
69 5
111 3
287 7
412 3
464 4
489 7
496 6
980 8
919 10
128 1
159 5
165 7
211 5
276 9
909 1
149 5
664 5
913 10
49 6
98 2
267 3
402 2
486 7
138 7
52 1
732 5
725 4
762 7
783 5
993 10
766 4
608 8
83 10
273 1
296 3
439 6
652 8
921 7
503 4
545 7
176 9
319 2
539 9
427 9
92 10
185 6
244 9
251 9
389 5
502 5
606 9
804 5
451 7
854 4
933 1
291 8
435 1
632 7
753 10
269 2
393 3
459 2
420 6
102 3
517 10
375 8
486 6
104 2
964 8
103 7
849 7
78 4
159 4
192 3
784 10
840 3
44 4
981 7
991 9
1021 7
68 3
881 9
387 1
852 10
902 2
10 9
64 4
1008 3
1019 10
534 1
560 4
256 10
586 7
1021 9
123 4
340 10
702 3
501 2
501 2
892 3
568 6
671 7
896 6
954 1
97 7
115 6
435 4
482 4
493 5
387 1
674 5
847 9
89 9
84 7
297 10
491 4
117 8
437 2
941 7
254 6
473 4
814 6
168 9
224 5
587 1
955 8
223 3
806 7
820 7
688 3
882 3
140 2
193 8
1020 2
212 5
192 2
583 3
39 5
944 5
635 5
433 4
687 5
792 8
849 3
196 7
323 5
337 9
623 3
872 10
816 4
601 1
132 8
773 8
824 5
23 7
35 10
78 10
139 9
247 10
271 4
640 10
930 10
147 9
25 6
514 5
534 8
312 6
437 4
784 6
412 6
562 7
621 9
409 10
965 2
252 3
867 7
955 2
108 7
356 5
511 5
176 9
27 10
688 7
713 4
1003 6
94 7
680 10
957 1
214 3
360 9
38 1
707 3
393 6
549 10
757 2
905 8
495 10
583 10
536 8
71 10
274 7
851 10
1 2
592 2
855 10
167 7
942 10
95 7
76 10
618 7
628 2
159 4
609 6
537 8
671 5
585 1
893 8
178 5
203 3
731 8
653 1
590 9
930 10
102 3
695 4
868 4
706 1
825 1
920 8
176 10
437 7
746 6
659 3
362 9
578 7
762 1
292 5
137 9
398 5
371 3
746 10
971 5
45 3
397 3
36 4
808 5
36 10
145 7
257 1
363 6
395 9
1010 10
863 7
952 9
824 2
6 8
668 10
4 3
544 9
416 9
96 1
588 3
376 7
923 3
562 4
687 2
808 2
564 7
99 7
843 6
222 2
693 1
1002 5
962 8
725 5
792 3
96 1
107 1
325 1
983 1
872 8
732 6
500 1
212 6
511 8
799 7
1003 4
7 7
93 10
68 8
359 2
623 3
885 7
517 8
177 9
6 9
353 2
751 7
603 1
726 8
968 7
373 6
520 8
319 10
247 3
141 3
973 4
686 6
65 1
686 5
185 10
697 4
859 10
1014 7
271 9
492 9
1022 1
746 7
23 10
873 4
195 2
79 5
76 4
386 4
279 1
800 5
799 10
1011 5
217 7
910 5
405 7
56 1
650 2
991 3
112 7
77 8
773 3
636 2
282 7
710 10
743 2
900 6
103 10
214 3
438 2
450 10
473 10
528 9
176 8
824 7
401 6
603 7
698 5
18 9
99 3
234 8
273 4
471 10
852 10
1009 9
491 7
681 4
140 5
389 1
817 7
561 9
80 5
314 4
61 10
710 2
924 9
298 2
695 9
724 9
916 3
516 10
66 9
242 7
74 7
241 8
725 4
733 2
233 1
284 5
338 2
175 2
593 6
854 1
878 7
899 1
28 4
447 2
933 7
610 2
214 10
913 2
634 5
811 1
374 10
58 9
301 2
733 2
675 4
971 3
213 2
417 1
483 8
168 2
21 10
107 2
660 1
277 9
312 9
405 6
647 3
406 2
568 1
839 5
100 3
392 8
139 5
736 10
334 2
861 6
77 2
99 9
281 4
83 7
420 10
900 2
177 10
786 5
740 10
341 9
584 5
665 2
160 6
650 2
99 1
940 2
87 3
276 4
366 9
935 3
725 10
670 8
792 3
278 6
500 4
639 10
483 2
894 8
922 7
308 4
546 9
97 7
138 1
604 7
698 3
894 10
260 1
512 7
529 4
901 8
813 3
209 6
445 2
600 10
621 2
784 10
868 10
249 8
374 9
722 9
937 8
783 6
97 9
530 7
900 5
701 4
647 10
668 2
852 7
800 6
591 1
830 3
579 7
962 2
211 7
865 8
1018 6
243 7
762 6
625 7
810 8
870 10
193 10
907 8
876 4
425 6
466 8
993 3
210 7
501 6
554 1
330 3
982 8
367 2
734 1
635 7
216 5
140 7
179 2
918 10
930 1
411 5
669 2
92 5
711 4
6 8
13 3
49 5
136 6
12 8
144 8
755 4
967 8
624 1
156 2
779 10
271 7
831 6
249 8
948 8
965 3
768 7
773 1
802 3
30 7
477 4
687 5
260 8
773 9
306 2
690 10
70 9
307 2
728 6
976 4
710 10
101 4
359 5
153 1
1005 1
720 1
840 1
23 1
297 4
523 7
389 2
831 6
582 2
200 4
396 6
1 5
168 2
565 7
640 4
657 8
46 5
417 3
34 9
251 1
668 1
677 8
1009 7
646 8
710 2
721 3
18 4
168 2
578 2
182 7
473 5
708 9
760 4
782 1
804 6
816 9
517 10
449 7
889 6
506 3
343 10
603 2
351 4
206 8
370 2
557 5
981 1
187 3
277 7
235 6
280 1
857 6
520 1
500 7
145 3
74 2
622 9
113 6
864 4
504 1
246 10
181 7
384 1
1014 10
528 3
125 4
313 4
15 6
184 4
86 7
1010 10
871 10
521 9
716 7
316 8
834 5
221 8
480 6
565 1
842 10
228 9
849 6
986 7
214 8
255 1
357 3
330 1
518 2
73 2
248 1
347 5
550 6
459 4
615 5
637 10
1003 8
63 7
181 9
233 4
237 7
246 10
485 5
817 6
356 5
250 3
1021 9
865 5
662 5
742 4
329 3
754 1
96 6
822 5
670 3
762 10
863 3
164 9
253 1
435 10
663 3
755 10
761 6
899 4
159 2
190 6
883 5
57 6
753 1
884 4
361 2
680 2
642 5
883 2
641 3
967 3
562 10
945 4
137 8
510 1
471 3
682 10
634 9
765 1
636 6
732 5
844 4
897 9
657 10
993 8
179 7
401 5
536 1
172 3
583 2
544 7
387 5
753 4
561 7
842 7
626 10
393 6
286 2
891 1
1000 3
421 4
493 9
880 4
5 6
632 1
772 8
925 2
52 2
457 5
1010 7
908 8
708 8
983 10
58 10
377 4
490 8
16 6
752 9
24 6
905 1
520 6
6 9
426 1
95 5
168 9
228 6
551 2
345 5
324 1
629 7
813 2
57 8
76 1
6 7
219 4
813 10
433 5
873 4
970 3
1023 8
832 7
784 9
739 4
317 8
112 2
781 7
909 7
996 4
256 4
352 4
382 10
382 3
873 10
185 9
159 8
761 3
250 8
593 5
322 8
756 7
889 4
992 7
837 2
854 6
948 6
966 10
278 7
794 8
198 2
107 7
107 6
863 9
519 7
689 9
427 4
864 6
485 5
233 7
273 8
996 9
302 5
874 9
923 9
765 7
872 9
1009 8
34 3
53 6
562 2
645 1
512 9
699 3
666 4
1004 6
586 9
631 7
882 5
889 9
653 5
811 10
946 4
987 1
67 5
86 5
367 4
509 3
535 3
848 6
111 10
267 9
1010 10
242 6
289 6
636 2
572 1
276 3
90 10
10 2
464 6
211 5
566 7
738 5
938 3
1010 2
113 4
356 9
398 8
701 5
604 10
912 3
851 5
904 9
230 9
853 7
477 1
104 4
843 4
245 1
331 7
257 1
671 3
519 2
259 1
789 4
206 2
302 1
610 7
709 4
226 5
369 2
781 1
68 9
121 5
622 7
59 2
91 9
721 2
830 9
125 7
606 1
494 7
710 6
859 8
384 7
475 3
185 2
337 3
601 9
104 6
551 5
38 8
311 5
485 8
507 5
880 1
908 9
569 7
292 1
543 2
602 6
624 2
928 3
872 8
745 4
80 6
209 3
593 10
695 6
273 9
8 9
101 9
978 2
3 9
1004 2
715 1
773 6
793 8
560 10
116 8
670 3
433 1
823 3
511 10
782 8
579 4
258 7
805 3
822 7
116 10
328 8
600 3
258 6
880 1
265 4
715 7
767 5
880 8
145 9
599 5
736 10
37 5
48 1
421 2
712 7
843 3
790 1
671 10
690 6
249 10
101 4
788 7
743 9
144 6
621 1
63 1
350 5
471 4
967 2
745 1
803 8
222 10
243 1
297 10
326 8
459 8
581 8
832 5
225 6
197 4
457 2
554 3
564 10
896 9
769 8
898 10
292 5
343 8
437 4
1022 9
27 2
67 1
969 2
682 7
20 1
81 8
146 1
238 4
332 1
343 4
414 3
902 3
318 5
268 5
825 1
901 7
472 9
558 2
893 1
696 8
542 2
827 3
959 6
426 1
694 10
808 2
997 5
4 10
491 8
358 3
808 9
962 7
673 8
675 9
749 2
521 1
622 5
347 1
113 7
718 7
874 3
416 6
924 7
682 4
987 1
803 1
985 2
100 5
750 3
769 2
819 7
30 2
288 1
370 5
867 8
345 2
23 4
602 10
579 8
179 10
683 2
299 8
303 10
19 2
154 1
789 10
143 5
804 4
964 8
21 1
77 8
204 3
280 7
341 10
523 3
928 9
118 9
383 1
154 10
420 6
429 9
553 1
484 9
164 10
279 10
405 2
990 3
996 2
68 6
789 1
229 10
189 2
595 5
597 3
422 1
836 7
248 8
83 9
370 7
465 6
488 5
293 8
882 3
413 10
961 6
417 5
557 2
818 1
770 5
400 4
621 4
154 2
731 10
934 6
27 9
868 3
82 3
879 2
970 4
142 7
527 10
580 1
334 8
93 3
564 2
997 7
571 2
283 3
821 5
67 10
200 9
355 1
457 5
559 8
639 3
596 3
94 6
684 7
948 10
386 10
401 7
440 1
458 6
520 5
628 3
944 2
1003 10
501 7
643 10
18 10
278 8
977 7
32 9
729 3
864 3
652 8
866 5
316 1
453 2
502 5
96 8
118 5
766 2
66 4
366 8
552 4
0 2
652 9
85 10
188 1
289 7
980 6
1012 1
321 1
484 3
580 8
1020 3
363 5
123 2
695 1
438 3
234 9
428 7
928 5
897 9
692 3
796 9
103 2
873 3
24 4
852 2
919 3
56 9
99 1
473 6
599 2
251 3
515 10
19 8
152 2
842 9
936 10
290 4
545 4
28 5
999 8
868 7
736 4
164 2
191 2
244 7
332 5
346 5
601 10
654 4
136 6
648 7
911 10
684 7
739 9
919 10
61 3
88 2
657 2
736 6
887 6
759 7
780 9
682 7
670 7
943 4
961 6
138 8
204 10
17 1
856 5
987 4
212 9
538 5
485 5
326 10
691 10
537 6
736 8
66 10
508 5
529 2
575 5
185 3
76 7
953 10
6 6
865 3
999 6
505 3
514 7
421 3
618 9
159 5
470 5
121 6
643 6
575 10
39 2
686 10
459 10
53 7
889 5
998 5
741 1
678 3
741 8
5 1
90 10
531 1
412 3
272 10
20 8
371 7
716 9
799 3
979 2
11 1
35 7
142 7
151 3
651 10
339 8
757 2
292 6
304 10
428 2
522 4
548 9
637 6
972 10
677 1
883 2
650 8
97 7
748 1
854 5
432 10
394 5
299 5
538 4
775 8
38 6
108 2
141 3
257 5
468 5
561 3
544 5
50 1
916 9
374 5
399 8
621 3
972 1
953 5
345 1
1006 7
423 7
31 7
564 4
626 5
846 10
701 9
701 9
769 10
501 3
1009 6
250 10
76 5
766 9
978 9
371 6
724 9
708 9
183 10
219 6
338 1
422 4
770 2
225 7
759 6
873 4
259 8
372 5
173 1
117 3
119 9
777 4
845 9
268 5
473 4
522 1
914 5
320 3
226 10
195 7
715 3
516 3
229 2
149 3
772 3
582 9
703 9
474 3
607 8
193 7
1003 1
85 6
295 9
297 4
425 4
444 6
389 7
629 4
266 3
739 3
907 8
982 10
547 2
576 10
581 2
207 4
543 10
47 3
632 6
335 6
379 4
571 4
88 4
261 8
342 8
643 7
830 6
236 9
1004 6
831 5
285 9
426 8
447 4
515 4
274 5
980 8
981 10
998 1
778 2
62 5
261 1
32 1
426 3
785 10
935 8
254 7
418 4
641 7
638 1
706 3
868 10
184 8
443 8
590 7
693 9
944 6
1007 5
24 3
766 10
246 8
789 7
877 8
126 2
289 5
326 4
653 7
1 9
469 1
199 6
482 5
1010 7
922 6
267 10
889 7
983 8
16 4
432 1
748 2
314 1
577 1
418 1
755 3
969 8
346 7
436 6
631 2
935 1
187 6
581 3
735 5
282 7
563 9
748 3
234 3
856 7
754 10
836 10
351 1
183 10
786 7
135 9
293 1
703 9
837 5
548 9
434 9
909 4
750 10
923 3
489 4
532 5
559 10
549 4
188 10
131 6
536 8
13 10
737 4
94 5
335 9
790 10
775 6
297 9
576 6
469 9
928 1
846 10
759 4
672 3
1022 8
9 8
915 4
944 8
954 8
72 10
272 1
105 4
455 1
776 6
134 8
521 8
890 10
258 2
279 1
666 10
806 4
12 10
198 8
489 5
602 5
533 6
746 5
137 4
788 5
834 7
552 2
549 2
364 3
938 2
569 1
381 7
989 10
721 5
338 1
150 7
74 3
999 10
85 4
283 4
555 10
681 4
683 6
642 10
686 8
869 8
937 4
956 1
971 6
116 8
401 3
726 4
14 8
168 5
419 1
972 8
35 7
383 9
846 5
945 6
625 5
768 2
852 2
71 6
613 4
709 3
682 9
164 6
1017 10
126 8
557 10
953 3
2 3
884 1
434 8
807 4
692 1
857 3
61 2
60 6
692 8
909 10
38 2
344 4
782 7
176 4
595 4
20 7
371 1
543 2
285 8
644 9
178 5
262 5
158 6
636 4
645 1
145 5
466 5
991 8
368 10
523 6
539 7
732 5
214 10
434 3
524 10
156 2
224 6
244 10
79 2
311 9
68 10
748 2
41 4
102 5
204 10
451 6
696 1
720 2
722 3
420 3
893 2
747 2
988 1
117 1
7 1
652 2
390 6
750 7
749 7
796 5
724 10
655 3
810 9
536 7
920 3
173 9
216 6
237 10
608 9
1003 5
406 10
377 6
1023 10
904 2
298 5
604 4
494 10
9 9
598 1
976 1
118 7
441 5
596 1
282 5
722 10
864 7
1020 1
572 4
720 3
597 10
892 3
797 6
945 3
1007 1
1018 4
1000 3
615 7
25 6
791 3
268 7
440 6
694 2
1012 8
45 3
137 10
516 2
1005 8
264 6
369 6
138 1
457 6
114 6
200 4
976 4
135 6
415 8
425 5
427 3
460 6
469 10
729 4
683 7
461 8
704 6
2 4
86 4
102 4
229 3
774 7
582 4
811 1
614 3
346 6
597 6
862 6
177 7
566 6
489 7
596 10
523 1
793 2
817 4
62 2
333 1
285 6
418 8
423 6
892 3
234 1
835 4
877 2
966 10
224 8
388 2
620 7
810 7
601 1
770 2
9 4
93 9
490 4
702 9
717 10
674 2
434 6
42 8
56 4
319 8
641 5
31 1
62 9
186 7
217 9
328 2
366 7
369 3
574 7
322 8
738 2
253 5
949 9
972 5
312 5
701 10
808 7
647 8
182 9
655 2
873 5
266 6
288 7
704 2
665 5
765 2
1014 5
207 5
908 1
12 7
410 2
868 4
24 9
296 2
258 6
469 7
707 3
831 8
254 7
606 8
1008 1
1022 8
543 3
575 9
638 6
574 1
510 8
858 9
865 5
869 9
897 10
971 4
251 4
403 4
760 7
218 5
175 9
932 2
813 5
24 6
294 4
433 3
727 6
697 8
976 10
113 9
814 3
310 2
730 6
254 10
441 10
932 10
705 4
880 3
163 7
937 6
174 5
238 8
713 2
936 10
396 9
573 10
470 3
244 6
119 1
684 9
966 4
386 8
115 2
172 8
630 1
613 7
236 6
27 6
390 9
452 3
470 6
640 8
742 7
256 6
823 3
582 1
995 8
190 4
325 2
563 6
348 6
489 5
946 3
475 3
497 10
512 6
613 9
278 3
849 4
360 4
562 10
890 5
714 10
959 8
29 9
231 1
460 4
557 5
723 7
855 6
410 7
5 3
454 8
55 5
929 7
458 5
484 2
940 7
999 10
171 6
644 7
357 8
732 5
451 6
658 10
717 7
628 4
830 3
810 5
661 1
643 1
727 10
407 5
255 7
1021 10
90 7
874 1
289 2
756 3
392 6
262 4
479 2
508 8
436 4
808 10
559 3
532 3
28 9
75 6
123 8
424 10
462 10
206 2
638 8
850 7
762 2
867 5
617 8
875 3
968 8
818 8
164 1
68 1
118 1
976 4
470 7
870 9
431 9
750 5
678 9
121 1
921 1
344 10
1002 10
980 6
849 8
755 6
829 7
26 8
932 9
853 5
950 2
138 1
322 2
541 10
693 3
534 7
541 5
565 6
858 4
916 9
435 6
878 9
1002 9
343 9
465 1
397 5
245 10
70 4
938 8
574 3
94 2
417 8
1000 7
645 8
654 1
232 1
927 10
197 5
493 5
282 10
658 4
582 6
131 6
456 6
915 9
640 3
33 1
302 2
505 7
85 5
861 10
731 4
876 2
217 2
354 2
415 8
740 4
981 10
901 8
203 8
651 2
652 9
769 7
792 10
427 9
2 10
525 5
529 2
990 2
273 10
419 2
274 9
300 2
219 6
411 9
835 4
838 8
765 7
789 5
750 9
566 8
858 10
148 6
132 1
417 3
551 1
760 1
622 10
37 6
481 6
1019 10
388 4
78 1
112 8
253 7
376 5
380 3
562 3
774 5
611 10
166 2
610 2
504 6
53 6
775 3
245 4
7 10
19 5
145 6
1013 2
976 10
509 4
298 8
582 9
330 6
546 7
594 6
882 9
762 4
0 8
163 7
665 1
794 8
375 6
71 3
250 4
105 6
189 4
373 2
833 6
655 7
904 4
947 2
246 3
505 7
355 4
449 6
47 5
143 4
306 5
669 5
970 5
476 5
843 10
162 9
173 2
596 5
163 9
881 2
640 7
383 4
870 1
944 9
376 2
782 3
308 1
639 3
1023 7
933 10
381 10
432 3
449 4
474 1
527 2
544 7
912 3
510 5
911 8
941 8
68 4
649 1
522 1
184 8
897 2
960 3
64 5
206 4
234 4
234 10
117 5
873 4
994 9
305 5
934 7
650 3
902 8
925 2
955 4
5 6
367 6
29 8
194 1
896 8
903 3
916 7
1007 1
895 1
1006 7
797 7
182 8
950 7
70 5
565 3
712 6
789 3
631 9
172 4
1020 1
169 2
215 4
285 5
378 6
415 4
442 8
578 6
772 8
573 6
712 5
958 10
996 4
418 7
646 5
205 9
612 7
131 9
819 6
184 2
156 9
590 5
732 7
383 8
947 8
115 2
202 10
327 2
809 4
764 4
174 8
663 7
722 10
306 9
885 3
189 9
459 4
616 2
724 5
979 2
309 1
368 10
809 8
91 7
194 10
24 10
266 9
271 5
554 5
416 5
841 6
61 4
89 1
466 7
497 3
401 1
466 9
577 1
118 8
301 8
468 1
839 6
329 8
998 5
33 1
472 5
591 10
604 7
19 4
680 9
844 7
985 1
173 4
306 5
460 2
531 6
643 3
627 4
821 10
949 3
302 2
602 4
238 7
386 3
842 7
925 8
1008 7
705 9
184 1
981 3
927 1
986 7
161 1
248 9
701 10
738 5
728 10
386 10
416 4
944 6
964 2
502 9
298 4
88 9
203 2
952 6
914 6
147 6
188 3
203 7
623 6
261 10
466 7
903 10
872 10
1007 3
34 3
387 9
591 6
784 4
797 8
66 1
496 7
508 3
918 9
984 8
479 4
793 7
221 8
476 1
900 6
518 10
282 7
626 5
471 6
240 4
498 10
545 10
679 2
287 6
564 7
738 2
138 6
1013 7
10 3
291 4
627 7
86 3
798 5
874 7
472 5
494 4
616 6
696 5
956 1
550 1
344 10
932 4
480 1
786 6
518 10
141 3
160 4
25 10
685 5
722 7
421 2
123 4
870 9
37 4
585 6
741 3
438 5
160 10
1016 8
24 2
800 4
810 10
310 7
773 9
382 2
426 9
446 5
982 7
632 8
538 10
362 2
988 3
182 2
314 9
319 1
288 4
931 10
215 8
257 5
316 2
360 7
463 6
806 10
877 8
555 6
327 10
761 6
911 1
25 1
207 4
293 9
618 9
254 6
526 7
596 3
928 2
309 6
329 10
587 4
619 6
672 3
316 1
754 7
62 9
1005 2
157 5
443 3
566 8
595 5
1007 3
773 5
687 3
989 5
462 5
673 5
226 5
380 1
19 10
92 10
656 8
513 7
793 5
140 1
289 2
434 8
522 4
667 3
681 7
715 10
771 4
562 10
876 4
962 3
84 3
284 2
409 5
876 7
773 9
736 8
970 7
917 10
153 7
263 7
267 4
856 9
353 10
795 9
566 10
822 1
182 2
334 3
338 2
589 10
246 8
392 5
40 5
903 10
984 8
509 10
533 8
620 9
636 8
76 3
848 10
983 6
181 3
540 4
612 4
614 10
679 3
769 5
826 4
704 4
75 1
358 5
620 9
791 1
968 7
653 3
853 7
794 3
481 1
295 8
327 6
567 4
868 4
869 7
430 7
925 4
806 2
92 1
183 10
861 8
764 2
717 8
962 5
300 7
347 9
365 10
800 9
474 7
986 6
550 7
926 1
17 3
667 2
405 8
98 10
141 5
442 6
606 4
635 1
641 1
777 3
905 5
641 8
453 2
106 8
498 9
822 2
884 3
315 7
222 1
883 3
57 6
622 5
664 3
817 9
152 4
191 9
505 3
19 5
233 2
361 10
598 5
881 3
295 6
41 6
695 2
599 2
1013 8
172 6
290 2
301 10
430 7
599 4
740 1
881 3
178 7
958 5
63 8
252 1
836 3
535 7
226 8
238 9
420 10
177 6
193 2
983 3
258 4
683 6
84 3
82 2
319 2
322 5
122 3
3 5
915 2
1022 9
228 7
359 7
365 8
583 6
622 9
691 5
719 7
615 4
1005 8
484 8
952 10
172 9
348 4
468 9
731 10
785 5
972 3
192 5
476 4
8 5
161 6
605 1
964 8
366 5
386 4
229 8
234 10
408 6
501 3
755 3
764 3
17 4
61 6
427 9
135 1
942 4
5 7
170 10
360 1
650 1
748 2
945 3
520 8
218 1
235 5
459 2
560 8
928 1
561 10
363 6
829 1
39 4
448 4
295 5
647 9
501 6
828 8
327 7
277 1
32 8
602 9
678 9
825 2
108 3
773 10
323 5
916 1
53 9
647 10
122 6
256 10
131 7
190 1
597 4
550 1
473 4
991 8
226 9
564 5
556 2
543 6
130 7
850 6
998 8
562 8
649 7
807 8
649 3
827 8
498 2
429 7
848 10
871 10
828 3
142 7
962 8
111 2
752 2
626 9
819 4
190 3
880 5
608 1
516 8
984 5
424 3
477 1
482 8
134 5
315 9
154 2
567 8
445 6
709 8
358 1
607 8
635 9
58 10
151 6
1022 2
770 1
17 10
487 1
724 4
741 10
613 7
355 5
542 5
105 4
346 9
357 7
376 8
682 10
862 1
937 7
185 7
824 8
47 6
185 8
626 3
824 3
369 1
387 4
470 8
927 7
15 10
373 1
551 2
150 6
161 7
183 9
488 10
45 10
706 5
390 9
847 6
194 5
416 10
59 2
306 4
429 8
805 9
888 2
729 4
356 5
110 5
130 9
800 9
897 1
828 7
1023 6
698 9
548 3
20 2
133 8
308 8
445 2
309 6
346 8
869 10
79 1
42 10
50 3
323 3
849 9
160 9
570 10
390 6
474 2
679 3
682 10
233 5
486 10
50 7
751 3
254 1
522 8
325 3
1003 2
949 9
66 2
192 5
491 7
279 1
269 9
796 1
127 6
409 7
412 7
719 6
959 7
560 7
258 5
967 1
406 5
448 7
529 3
620 9
724 3
239 2
35 5
548 9
654 7
215 7
289 3
78 3
380 6
844 8
876 4
1013 3
827 2
164 3
606 2
186 8
64 5
878 1
351 8
1017 6
77 7
416 7
845 1
803 10
171 5
912 7
259 3
939 8
307 8
636 3
659 9
678 5
728 1
894 1
25 7
863 2
85 2
953 6
1004 1
787 7
103 10
346 8
229 5
42 4
234 1
511 10
521 10
188 8
570 1
450 6
106 5
860 10
1013 3
35 2
122 8
364 3
774 2
798 9
854 4
411 7
949 5
776 10
228 10
958 5
22 6
494 1
551 7
219 6
823 10
827 7
967 3
666 6
16 6
447 8
559 3
721 1
714 8
168 9
349 10
969 3
778 10
33 10
297 10
680 10
102 2
272 10
432 9
563 8
911 7
736 4
777 6
992 9
1015 8
733 2
54 1
801 8
267 7
625 3
987 7
483 10
956 10
927 8
965 2
558 2
787 7
179 10
325 9
503 7
359 7
824 8
339 1
370 6
519 10
84 10
141 5
892 4
179 9
981 8
165 4
315 8
684 4
328 7
475 9
213 2
507 5
671 2
716 6
729 8
822 9
846 6
12 5
80 5
404 4
738 6
893 3
600 4
755 3
133 8
449 5
985 6
622 4
275 9
783 3
153 1
421 5
964 10
819 2
834 8
574 8
616 6
670 10
1021 1
228 10
932 5
370 9
920 9
768 9
843 3
1001 3
829 7
798 2
166 10
272 3
1 10
475 5
438 2
73 6
283 10
847 6
889 10
526 9
88 6
141 2
687 10
699 5
740 3
474 4
928 6
262 10
81 5
501 1
729 8
83 9
969 5
342 2
513 2
827 4
504 8
960 1
995 9
854 1
939 10
376 5
736 1
485 9
109 5
981 3
515 1
310 1
32 5
884 5
831 10
932 5
349 2
785 8
922 7
1007 4
650 6
403 5
207 4
955 1
132 6
211 8
192 1
825 3
193 2
684 6
358 5
95 6
664 6
313 8
338 5
532 8
652 7
877 5
868 3
903 8
447 5
565 2
309 1
142 2
386 8
25 10
95 10
225 10
496 8
891 8
947 10
658 8
846 2
267 5
160 3
513 2
574 3
939 2
252 1
416 9
134 6
179 9
616 10
780 4
447 3
247 3
764 10
407 8
572 8
600 3
645 2
934 3
922 1
29 10
158 8
403 7
455 4
794 8
874 7
1002 3
190 6
536 7
232 5
358 2
364 2
368 3
648 2
954 5
200 2
935 3
720 8
422 7
612 3
821 5
869 7
979 2
667 4
84 7
736 6
773 4
552 3
524 5
220 7
695 10
699 1
890 3
737 8
768 5
242 8
537 4
244 3
416 5
206 4
254 1
359 6
468 7
114 9
429 4
1001 2
318 8
431 2
384 9
231 3
576 4
775 10
795 4
815 10
758 4
753 1
405 2
463 5
672 7
25 1
410 4
265 10
638 2
1007 10
702 9
377 4
837 2
970 2
192 4
119 7
693 2
236 1
57 2
151 1
331 6
424 4
486 8
676 6
713 8
797 6
387 4
170 5
105 8
403 1
116 2
348 3
402 5
713 10
807 10
845 3
957 3
497 7
942 8
65 2
584 1
152 2
568 8
859 7
709 10
399 1
52 3
146 6
170 9
255 4
533 1
872 6
607 10
719 8
886 3
303 8
386 2
387 6
871 8
849 8
905 5
655 2
945 6
417 4
842 1
100 6
878 6
845 7
591 7
347 9
33 10
654 1
622 1
685 4
938 7
202 3
465 8
859 3
748 1
734 10
865 5
121 4
363 4
661 3
145 8
40 9
808 2
49 10
129 9
158 6
745 8
497 9
139 6
542 3
899 8
44 10
70 5
149 8
161 4
615 7
937 9
250 10
361 7
190 1
602 8
567 3
489 10
374 3
254 1
826 9
191 6
782 8
955 9
98 8
250 4
661 2
233 1
613 4
619 9
831 4
668 7
288 6
651 5
95 9
200 4
384 8
691 5
713 1
841 5
362 6
900 8
169 4
681 8
688 6
293 9
210 4
787 10
735 10
180 10
199 7
317 9
320 4
605 3
756 3
237 1
802 7
9 4
218 7
400 9
0 2
949 3
974 2
51 2
235 4
797 10
968 3
531 5
800 9
448 1
515 6
671 10
752 5
920 2
534 4
708 1
593 8
205 6
361 4
638 2
712 6
928 1
474 4
69 7
621 6
577 1
889 8
757 8
125 1
864 2
700 7
829 7
238 8
387 1
347 3
157 3
865 3
959 4
978 10
848 3
755 1
716 5
828 1
166 2
772 1
235 6
499 3
209 1
844 7
1023 8
545 9
702 6
580 7
620 8
424 10
78 3
222 9
526 10
589 10
607 7
719 7
13 10
623 10
625 2
117 10
454 8
541 5
110 9
404 10
676 1
757 8
404 5
459 7
15 3
320 10
389 1
815 2
925 3
931 3
320 5
28 2
883 8
852 7
29 5
86 5
588 10
770 5
438 8
1020 3
538 7
937 8
156 1
197 9
416 7
449 1
857 8
200 6
364 4
926 6
739 10
334 5
95 1
362 7
391 2
566 6
309 1
755 4
2 1
355 10
422 2
812 10
499 10
34 10
13 7
506 2
677 3
830 1
1014 3
251 8
754 1
187 6
143 5
399 8
595 9
948 1
497 7
500 9
790 10
143 2
334 6
433 7
539 1
648 9
729 8
908 2
15 5
888 9
772 8
70 2
338 4
612 8
752 10
823 7
916 6
196 8
1008 8
